#### F1
Running on: 
Using Java version:
Parameter containing:
tensor([[0.0190, 0.0110, 0.0146,  ..., 0.0206, 0.0230, 0.0179]],
       device='cuda:0', dtype=torch.float16, requires_grad=True)
Parameter containing:
tensor([[0.0190, 0.0110, 0.0146,  ..., 0.0206, 0.0230, 0.0179]],
       device='cuda:0', dtype=torch.float16, requires_grad=True)
Test Dataloader has 5 samples in total
all_pred tensor([0.7227, 0.7515, 0.9292, 0.6655, 0.8857, 0.7290, 0.6323, 0.6841, 0.6772,
        0.6484, 0.7476, 0.7607, 0.7534, 0.7417, 0.5972, 0.6973, 0.7461, 0.6216,
        0.6333, 0.8320, 0.7607, 0.7095, 0.6313, 0.9873, 0.7271, 0.6685, 0.9927,
        0.9834, 0.8540, 0.5376, 0.9507, 0.6758, 0.4407, 0.6392, 0.6499, 0.6592,
        0.6401, 0.5303, 0.5474, 0.6782, 0.6763, 0.6597, 0.7666, 0.6748, 0.2957,
        0.8774, 0.4814, 0.5771, 0.6426, 0.5073, 0.5610, 0.7056, 0.7393, 0.0315,
        0.6406, 0.7822, 0.7446, 0.7441, 0.9365, 0.5840, 0.6021, 0.2247, 0.6816,
        0.5820, 0.9995, 0.5381, 0.6260, 0.6860, 0.5938, 0.5674, 0.5840, 0.7373,
        0.7114, 0.3735, 0.5776, 0.6465, 0.4773, 0.6011, 0.7354],
       device='cuda:0', dtype=torch.float16) 

all_GT tensor([0.8000, 0.7500, 0.9000, 0.6000, 0.9000, 0.7700, 0.9000, 0.6500, 0.5500,
        0.9000, 0.5000, 0.8000, 0.7500, 0.6500, 0.7000, 0.7500, 0.8000, 0.3500,
        0.7600, 0.7000, 0.9500, 0.6700, 0.8000, 0.7000, 0.8500, 0.7500, 0.9400,
        0.8000, 0.7300, 0.4000, 0.8000, 0.7000, 0.4500, 0.7000, 0.7500, 0.7700,
        0.8000, 0.6000, 0.7500, 0.8000, 0.7000, 0.5000, 0.7500, 0.6500, 0.9500,
        0.9000, 0.8000, 0.7000, 1.0000, 0.9000, 0.6500, 0.6000, 0.4000, 0.8500,
        0.7000, 0.6500, 0.2000, 0.7000, 0.8500, 0.6000, 0.8900, 0.8800, 0.8000,
        0.6000, 0.9000, 0.6000, 0.3000, 0.6000, 0.6500, 0.7800, 0.8400, 0.5000,
        0.6000, 0.7000, 0.5000, 0.7300, 0.6000, 0.5000, 0.8500],
       device='cuda:0')
/mnt/data/son/NAIP/reviewerly_CIKM_bce/05-23-16-23-1748031819/checkpoint-90
MSE: 0.0469, MAE: 0.1533
NDCG@20: 0.8742


#### F2
Running on: 
Using Java version:
Parameter containing:
tensor([[ 0.0299,  0.0184,  0.0378,  ..., -0.0134, -0.0121, -0.0112]],
       device='cuda:0', dtype=torch.float16, requires_grad=True)
Parameter containing:
tensor([[ 0.0299,  0.0184,  0.0378,  ..., -0.0134, -0.0121, -0.0112]],
       device='cuda:0', dtype=torch.float16, requires_grad=True)
Test Dataloader has 5 samples in total
all_pred tensor([0.5220, 0.6230, 0.6050, 0.3542, 0.0338, 0.5503, 0.7456, 0.5513, 0.6396,
        0.1238, 0.5996, 0.5659, 0.8022, 0.4092, 0.6982, 0.0386, 0.4531, 0.6748,
        0.5591, 0.4592, 0.6460, 0.5903, 0.5195, 0.4670, 0.5762, 0.5527, 0.6274,
        0.6240, 0.9058, 0.4973, 0.5493, 0.3384, 0.6758, 0.6333, 0.0805, 0.7178,
        0.5645, 0.6763, 0.5645, 0.7866, 0.7178, 0.1404, 0.4634, 0.6069, 0.8667,
        0.6162, 0.5674, 0.5757, 0.4065, 0.4116, 0.6230, 0.0178, 0.0051, 0.4661,
        0.6392, 0.6694, 0.5864, 0.9424, 0.4490, 0.9971, 0.5972, 0.5850, 0.5757,
        0.4531, 0.5703, 0.4954, 0.6885, 0.7593, 0.6118, 0.5420, 0.5591, 0.2705,
        0.5210, 0.6377, 0.6226, 0.7349, 0.9604, 0.5303, 0.6519],
       device='cuda:0', dtype=torch.float16) 

all_GT tensor([0.7500, 0.6600, 0.5000, 0.6500, 0.6000, 0.3500, 0.8000, 0.2000, 0.8000,
        0.8500, 0.7500, 0.5000, 0.9000, 0.4500, 0.8500, 0.9000, 0.4000, 0.6500,
        0.7000, 0.2000, 0.8500, 0.8500, 0.9500, 0.7000, 0.9500, 0.5000, 0.4000,
        0.8000, 0.7800, 0.6000, 0.5000, 0.8000, 0.7000, 0.8000, 0.9500, 0.8600,
        0.7000, 0.5000, 0.7500, 0.9500, 0.7500, 0.9300, 0.6200, 0.6500, 0.9500,
        0.5500, 0.9000, 0.2900, 0.8000, 0.5000, 0.8500, 0.7500, 0.3000, 0.6500,
        0.8000, 0.7500, 0.8000, 1.0000, 0.8000, 0.8500, 0.7500, 0.7000, 0.6000,
        0.9000, 0.5000, 0.8000, 0.8500, 0.6500, 0.8800, 0.6500, 0.5500, 0.8500,
        0.2500, 0.9500, 0.5000, 0.4000, 0.9500, 0.5000, 0.2000],
       device='cuda:0')
/mnt/data/son/NAIP/reviewerly_CIKM_bce/05-23-16-38-1748032697/checkpoint-90
MSE: 0.0892, MAE: 0.2243
NDCG@20: 0.8595


#### F3
Running on: 
Using Java version:
Parameter containing:
tensor([[ 0.0208,  0.0328,  0.0370,  ..., -0.0090, -0.0148, -0.0024]],
       device='cuda:0', dtype=torch.float16, requires_grad=True)
Parameter containing:
tensor([[ 0.0208,  0.0328,  0.0370,  ..., -0.0090, -0.0148, -0.0024]],
       device='cuda:0', dtype=torch.float16, requires_grad=True)
Test Dataloader has 5 samples in total
all_pred tensor([5.5615e-01, 5.7568e-01, 4.9561e-01, 4.8828e-01, 5.3662e-01, 5.4053e-01,
        7.1582e-01, 5.3906e-01, 5.9668e-01, 4.8926e-01, 4.4629e-01, 3.4302e-01,
        3.8818e-01, 5.9668e-01, 4.3994e-01, 4.7852e-01, 4.0039e-01, 9.2920e-01,
        7.0508e-01, 3.4985e-01, 4.8584e-01, 4.5801e-01, 5.1807e-01, 6.1670e-01,
        4.8096e-01, 4.9438e-01, 7.5684e-01, 6.4209e-01, 6.3372e-04, 5.2100e-01,
        5.6787e-01, 4.0723e-01, 4.6558e-01, 4.3335e-01, 4.3042e-01, 4.3726e-01,
        3.9429e-01, 6.8750e-01, 5.9473e-01, 4.8755e-01, 5.0195e-01, 6.0205e-01,
        4.9854e-01, 6.2158e-01, 5.3418e-01, 4.6460e-01, 5.2539e-01, 5.6787e-01,
        6.2904e-03, 4.6704e-01, 5.7959e-01, 4.0015e-01, 5.9204e-02, 3.4595e-01,
        6.2988e-01, 4.4238e-01, 6.2939e-01, 1.4795e-01, 5.0488e-01, 5.2734e-01,
        1.3374e-02, 1.6724e-01, 4.7021e-01, 6.3372e-04, 3.8306e-01, 4.7900e-01,
        6.7285e-01, 5.0342e-01, 5.0812e-02, 5.3174e-01, 4.0845e-01, 7.1826e-01,
        6.6504e-01, 4.1162e-01, 5.1123e-01, 4.7925e-01, 4.8657e-01, 4.7998e-01,
        5.5762e-01], device='cuda:0', dtype=torch.float16) 

all_GT tensor([0.5000, 0.6000, 0.9000, 0.8000, 0.4000, 0.8000, 0.3000, 0.6000, 0.7500,
        0.3000, 0.7500, 0.5000, 0.6000, 0.4000, 0.6000, 0.8700, 0.8000, 0.7000,
        0.9500, 0.9000, 0.7000, 0.7500, 0.5500, 0.7500, 0.9000, 0.7500, 0.8000,
        0.7000, 0.8900, 0.7000, 0.7500, 0.3000, 0.7000, 0.3000, 0.7000, 0.8500,
        0.7700, 0.5500, 0.5000, 0.6000, 0.5000, 0.7500, 0.6000, 0.5000, 0.7000,
        0.4000, 0.7000, 0.9500, 1.0000, 0.4000, 0.9500, 0.6800, 0.9700, 0.5000,
        0.9500, 0.4000, 0.6500, 0.8900, 0.7000, 0.8500, 0.9000, 0.9300, 0.8000,
        0.6000, 0.8000, 0.8000, 0.7500, 0.5000, 0.7000, 0.7000, 0.8000, 0.9500,
        0.3000, 0.7000, 0.8500, 0.7200, 0.5500, 0.8000, 0.7500],
       device='cuda:0')
/mnt/data/son/NAIP/reviewerly_CIKM_bce/05-23-16-57-1748033824/checkpoint-90
MSE: 0.1228, MAE: 0.2741
NDCG@20: 0.7494




#### F4
Running on: 
Using Java version:
Parameter containing:
tensor([[-0.0240,  0.0093, -0.0215,  ...,  0.0103,  0.0083,  0.0361]],
       device='cuda:0', dtype=torch.float16, requires_grad=True)
Parameter containing:
tensor([[-0.0240,  0.0093, -0.0215,  ...,  0.0103,  0.0083,  0.0361]],
       device='cuda:0', dtype=torch.float16, requires_grad=True)
Test Dataloader has 5 samples in total
all_pred tensor([0.4314, 0.3423, 0.4832, 0.6089, 0.0529, 0.4619, 0.5942, 0.6997, 0.0763,
        0.4238, 0.8584, 0.4915, 0.7305, 0.6992, 0.6709, 0.9609, 0.7988, 0.3940,
        0.6230, 0.7212, 0.4246, 0.5654, 0.7061, 0.6948, 0.6655, 0.6753, 0.6621,
        0.7627, 0.5557, 0.5532, 0.9736, 0.6484, 0.6953, 0.6797, 0.6558, 0.7676,
        0.6377, 0.5791, 0.7104, 0.3718, 0.7119, 0.5630, 0.7031, 0.6187, 0.4656,
        0.6030, 0.2212, 0.6406, 0.3816, 0.6626, 0.6968, 0.3955, 0.7246, 0.7031,
        0.9360, 0.9756, 0.6899, 0.4263, 0.5264, 0.5234, 0.3357, 0.6240, 0.9863,
        0.8799, 0.6333, 0.5483, 0.3577, 0.4417, 0.7285, 0.5200, 0.6875, 0.8223,
        0.5596, 0.6484, 0.7061, 0.8545, 0.6538, 0.7974, 0.6318],
       device='cuda:0', dtype=torch.float16) 

all_GT tensor([0.8000, 0.8800, 0.5500, 0.7500, 0.9000, 0.8000, 0.9000, 0.7000, 0.9500,
        0.8500, 0.3000, 0.7000, 0.8000, 0.3000, 0.3000, 0.8900, 0.8500, 1.0000,
        0.7000, 0.8300, 0.4000, 0.8700, 0.8000, 0.6500, 0.6700, 0.9000, 0.6500,
        0.6000, 0.5000, 0.7000, 0.8200, 0.5500, 0.2000, 0.4800, 0.8500, 0.8500,
        0.9000, 0.8000, 0.6400, 0.8000, 0.6500, 0.8000, 0.7000, 0.5000, 0.6500,
        0.5000, 0.8000, 0.8000, 0.7000, 0.7800, 0.3800, 0.8000, 0.7900, 0.7900,
        0.8000, 0.9000, 0.7500, 0.4000, 0.3000, 0.6000, 0.9500, 0.8500, 0.9000,
        0.8000, 0.7300, 0.6000, 0.3000, 0.2000, 0.8000, 0.8500, 0.9000, 0.8000,
        0.4000, 0.6000, 0.6500, 0.8600, 0.4000, 0.7500, 0.6000],
       device='cuda:0')
/mnt/data/son/NAIP/reviewerly_CIKM_bce/05-23-16-57-1748033839/checkpoint-90
MSE: 0.0750, MAE: 0.1983
NDCG@20: 0.8715





#### F5
Running on: 
Using Java version:
Parameter containing:
tensor([[-0.0003, -0.0080,  0.0044,  ..., -0.0247,  0.0288,  0.0309]],
       device='cuda:0', dtype=torch.float16, requires_grad=True)
Parameter containing:
tensor([[-0.0003, -0.0080,  0.0044,  ..., -0.0247,  0.0288,  0.0309]],
       device='cuda:0', dtype=torch.float16, requires_grad=True)
Test Dataloader has 5 samples in total
all_pred tensor([0.8291, 0.6489, 0.8037, 0.8271, 0.7266, 0.9888, 0.5391, 0.8506, 0.7690,
        0.7847, 0.8467, 0.0518, 0.7402, 0.4724, 0.7949, 0.8193, 0.8140, 0.8862,
        0.8428, 0.9326, 0.8140, 0.7104, 0.7227, 0.6904, 0.8760, 0.7515, 0.9727,
        0.6987, 0.7847, 0.7437, 0.9429, 0.8706, 0.7837, 0.8208, 0.7095, 0.9639,
        0.6362, 0.9863, 0.7310, 0.7681, 0.7153, 0.6660, 0.8032, 0.9976, 0.9985,
        0.8491, 0.7910, 0.7769, 0.0353, 0.7993, 0.7593, 0.7012, 0.7959, 0.8022,
        0.8169, 0.8105, 0.8657, 0.7114, 0.7935, 0.6890, 0.9360, 0.8262, 0.7773,
        0.9976, 0.4871, 0.3430, 0.7290, 0.7798, 0.6006, 0.7603, 0.8721, 0.9966,
        0.8389, 0.7749, 0.7783, 0.8105, 0.9082, 0.9736, 0.5737],
       device='cuda:0', dtype=torch.float16) 

all_GT tensor([0.9000, 0.4500, 0.5500, 0.5000, 0.7000, 0.9000, 0.9800, 0.5500, 0.1200,
        0.6000, 0.8000, 0.4000, 0.8000, 0.9500, 0.5500, 0.5000, 0.4000, 1.0000,
        0.6800, 0.8400, 0.5000, 0.8600, 0.8500, 0.7500, 0.7000, 0.5000, 0.8000,
        0.6400, 0.7500, 0.8000, 0.6500, 0.7000, 0.7500, 0.5000, 0.6500, 0.7700,
        0.4400, 0.9000, 0.9500, 0.2000, 0.7000, 0.3500, 0.6500, 0.8700, 0.9500,
        0.6500, 0.6000, 0.6000, 0.7000, 0.8000, 0.7000, 0.4500, 0.5500, 0.7800,
        0.8000, 0.9000, 0.7500, 0.9000, 0.8000, 0.6000, 1.0000, 0.6000, 0.5000,
        0.7000, 0.7800, 0.7000, 0.7000, 0.7500, 0.9000, 0.5000, 0.7500, 0.8800,
        0.4500, 0.6500, 0.6500, 0.4000, 0.9100, 0.9000, 0.9000],
       device='cuda:0')
/mnt/data/son/NAIP/reviewerly_CIKM_bce/05-23-16-57-1748033872/checkpoint-90
MSE: 0.0585, MAE: 0.1920
NDCG@20: 0.8905
