#### F1
Running on: 
Using Java version:
Parameter containing:
tensor([[ 0.0356, -0.0243,  0.0394,  ..., -0.0185,  0.0369,  0.0322]],
       device='cuda:0', dtype=torch.float16, requires_grad=True)
Parameter containing:
tensor([[ 0.0356, -0.0243,  0.0394,  ..., -0.0185,  0.0369,  0.0322]],
       device='cuda:0', dtype=torch.float16, requires_grad=True)
Test Dataloader has 5 samples in total
all_pred tensor([0.5474, 0.5469, 0.9150, 0.4312, 0.3386, 0.7764, 0.5459, 0.5610, 0.3354,
        0.5649, 0.2681, 0.8315, 0.4253, 0.3125, 0.2402, 0.6846, 0.8506, 0.4336,
        0.4946, 0.4983, 0.9565, 0.5605, 0.5801, 0.4116, 0.6230, 0.3647, 0.9902,
        0.9136, 0.5840, 0.4565, 0.1434, 0.7222, 0.2433, 0.3970, 0.4460, 0.6006,
        0.5820, 0.0589, 0.4729, 0.4336, 0.4102, 0.5513, 0.4270, 0.6436, 0.4802,
        0.9531, 0.5581, 0.3523, 0.3474, 0.4480, 0.3772, 0.0911, 0.4072, 0.6548,
        0.4844, 0.4612, 0.5742, 0.5273, 0.1023, 0.4402, 0.4912, 0.1675, 0.3103,
        0.4771, 0.7290, 0.6240, 0.3074, 0.5498, 0.4353, 0.6675, 0.4482, 0.4353,
        0.3623, 0.3374, 0.3923, 0.7881, 0.4353, 0.3982, 0.3699],
       device='cuda:0', dtype=torch.float16) 

all_GT tensor([0.8000, 0.7500, 0.9000, 0.6000, 0.9000, 0.7700, 0.9000, 0.6500, 0.5500,
        0.9000, 0.5000, 0.8000, 0.7500, 0.6500, 0.7000, 0.7500, 0.8000, 0.3500,
        0.7600, 0.7000, 0.9500, 0.6700, 0.8000, 0.7000, 0.8500, 0.7500, 0.9400,
        0.8000, 0.7300, 0.4000, 0.8000, 0.7000, 0.4500, 0.7000, 0.7500, 0.7700,
        0.8000, 0.6000, 0.7500, 0.8000, 0.7000, 0.5000, 0.7500, 0.6500, 0.9500,
        0.9000, 0.8000, 0.7000, 1.0000, 0.9000, 0.6500, 0.6000, 0.4000, 0.8500,
        0.7000, 0.6500, 0.2000, 0.7000, 0.8500, 0.6000, 0.8900, 0.8800, 0.8000,
        0.6000, 0.9000, 0.6000, 0.3000, 0.6000, 0.6500, 0.7800, 0.8400, 0.5000,
        0.6000, 0.7000, 0.5000, 0.7300, 0.6000, 0.5000, 0.8500],
       device='cuda:0')
/mnt/data/son/NAIP/reviewerly_CIKM/05-23-15-22-1748028166/checkpoint-90
MSE: 0.0887, MAE: 0.2387
NDCG@20: 0.9114


#### F2
Running on: 
Using Java version:
Parameter containing:
tensor([[ 0.0196, -0.0037, -0.0027,  ...,  0.0301,  0.0494,  0.0080]],
       device='cuda:0', dtype=torch.float16, requires_grad=True)
Parameter containing:
tensor([[ 0.0196, -0.0037, -0.0027,  ...,  0.0301,  0.0494,  0.0080]],
       device='cuda:0', dtype=torch.float16, requires_grad=True)
Test Dataloader has 5 samples in total
all_pred tensor([0.6504, 0.6929, 0.7246, 0.4614, 0.5645, 0.4622, 0.5713, 0.6841, 0.6748,
        0.1058, 0.6768, 0.6445, 0.6890, 0.5815, 0.6372, 0.0696, 0.3630, 0.6304,
        0.5620, 0.7344, 0.7192, 0.6294, 0.1729, 0.7065, 0.6060, 0.4163, 0.7529,
        0.5151, 0.0660, 0.4165, 0.5757, 0.6382, 0.7969, 0.7646, 0.9077, 0.5312,
        0.6143, 0.6108, 0.6519, 0.9634, 0.6069, 0.0189, 0.7280, 0.6943, 0.8599,
        0.7461, 0.7217, 0.5254, 0.7129, 0.4822, 0.6855, 0.3352, 0.7588, 0.6675,
        0.6919, 0.6504, 0.6865, 0.0234, 0.0432, 0.4270, 0.6938, 0.7358, 0.6104,
        0.6621, 0.7749, 0.7266, 0.7236, 0.6519, 0.6382, 0.7251, 0.7471, 0.0272,
        0.4570, 0.5923, 0.5361, 0.5811, 0.2852, 0.3887, 0.5776],
       device='cuda:0', dtype=torch.float16) 

all_GT tensor([0.7500, 0.6600, 0.5000, 0.6500, 0.6000, 0.3500, 0.8000, 0.2000, 0.8000,
        0.8500, 0.7500, 0.5000, 0.9000, 0.4500, 0.8500, 0.9000, 0.4000, 0.6500,
        0.7000, 0.2000, 0.8500, 0.8500, 0.9500, 0.7000, 0.9500, 0.5000, 0.4000,
        0.8000, 0.7800, 0.6000, 0.5000, 0.8000, 0.7000, 0.8000, 0.9500, 0.8600,
        0.7000, 0.5000, 0.7500, 0.9500, 0.7500, 0.9300, 0.6200, 0.6500, 0.9500,
        0.5500, 0.9000, 0.2900, 0.8000, 0.5000, 0.8500, 0.7500, 0.3000, 0.6500,
        0.8000, 0.7500, 0.8000, 1.0000, 0.8000, 0.8500, 0.7500, 0.7000, 0.6000,
        0.9000, 0.5000, 0.8000, 0.8500, 0.6500, 0.8800, 0.6500, 0.5500, 0.8500,
        0.2500, 0.9500, 0.5000, 0.4000, 0.9500, 0.5000, 0.2000],
       device='cuda:0')
/mnt/data/son/NAIP/reviewerly_CIKM/05-23-15-44-1748029468/checkpoint-90
MSE: 0.1104, MAE: 0.2330
NDCG@20: 0.7749


#### F3
Running on: 
Using Java version:
Parameter containing:
tensor([[ 0.0298,  0.0370,  0.0293,  ...,  0.0148,  0.0060, -0.0198]],
       device='cuda:0', dtype=torch.float16, requires_grad=True)
Parameter containing:
tensor([[ 0.0298,  0.0370,  0.0293,  ...,  0.0148,  0.0060, -0.0198]],
       device='cuda:0', dtype=torch.float16, requires_grad=True)
Test Dataloader has 5 samples in total
all_pred tensor([0.7041, 0.7549, 0.9238, 0.7759, 0.6431, 0.8081, 0.7007, 0.7192, 0.7681,
        0.8154, 0.8384, 0.7729, 0.8862, 0.8022, 0.8242, 0.8335, 0.6191, 0.9946,
        0.7686, 0.8960, 0.7354, 0.7549, 0.7378, 0.7471, 0.6519, 0.8018, 0.6724,
        0.8516, 0.6055, 0.7090, 0.7041, 0.7891, 0.7666, 0.6172, 0.6553, 0.5713,
        0.7832, 0.8306, 0.7046, 0.7480, 0.8945, 0.6689, 0.5835, 0.8018, 0.8462,
        0.6685, 0.7524, 0.7534, 0.6982, 0.7603, 0.6396, 0.7676, 0.8291, 0.6689,
        0.8115, 0.7124, 0.8184, 0.2216, 0.7148, 0.8301, 0.8794, 0.7241, 0.7227,
        0.0655, 0.7847, 0.8267, 0.8408, 0.7451, 0.8584, 0.8232, 0.8198, 0.1831,
        0.7490, 0.7119, 0.5942, 0.8164, 0.7632, 0.6680, 0.7974],
       device='cuda:0', dtype=torch.float16) 

all_GT tensor([0.5000, 0.6000, 0.9000, 0.8000, 0.4000, 0.8000, 0.3000, 0.6000, 0.7500,
        0.3000, 0.7500, 0.5000, 0.6000, 0.4000, 0.6000, 0.8700, 0.8000, 0.7000,
        0.9500, 0.9000, 0.7000, 0.7500, 0.5500, 0.7500, 0.9000, 0.7500, 0.8000,
        0.7000, 0.8900, 0.7000, 0.7500, 0.3000, 0.7000, 0.3000, 0.7000, 0.8500,
        0.7700, 0.5500, 0.5000, 0.6000, 0.5000, 0.7500, 0.6000, 0.5000, 0.7000,
        0.4000, 0.7000, 0.9500, 1.0000, 0.4000, 0.9500, 0.6800, 0.9700, 0.5000,
        0.9500, 0.4000, 0.6500, 0.8900, 0.7000, 0.8500, 0.9000, 0.9300, 0.8000,
        0.6000, 0.8000, 0.8000, 0.7500, 0.5000, 0.7000, 0.7000, 0.8000, 0.9500,
        0.3000, 0.7000, 0.8500, 0.7200, 0.5500, 0.8000, 0.7500],
       device='cuda:0')
/mnt/data/son/NAIP/reviewerly_CIKM/05-23-15-44-1748029492/checkpoint-90
MSE: 0.0586, MAE: 0.1812
NDCG@20: 0.8088





#### F4
Running on: 
Using Java version:
Parameter containing:
tensor([[-0.0151, -0.0226,  0.0159,  ...,  0.0116, -0.0162, -0.0159]],
       device='cuda:0', dtype=torch.float16, requires_grad=True)
Parameter containing:
tensor([[-0.0151, -0.0226,  0.0159,  ...,  0.0116, -0.0162, -0.0159]],
       device='cuda:0', dtype=torch.float16, requires_grad=True)
Test Dataloader has 5 samples in total
all_pred tensor([0.3049, 0.6934, 0.6113, 0.7017, 0.8853, 0.6797, 0.6040, 0.5693, 0.9966,
        0.9141, 0.7632, 0.7197, 0.4438, 0.6289, 0.5073, 0.4150, 0.1262, 0.1659,
        0.5044, 0.6387, 0.5332, 0.6104, 0.5669, 0.3682, 0.7085, 0.4841, 0.5190,
        0.3848, 0.5928, 0.8130, 0.8452, 0.5820, 0.6035, 0.6714, 0.5898, 0.5488,
        0.6294, 0.6060, 0.5342, 0.7759, 0.6567, 0.4548, 0.5801, 0.5645, 0.7710,
        0.5840, 0.9243, 0.5322, 0.7300, 0.4854, 0.5923, 0.7959, 0.4905, 0.4841,
        0.1637, 0.4250, 0.4470, 0.5210, 0.6147, 0.5264, 0.9648, 0.6025, 0.3816,
        0.8315, 0.6577, 0.7007, 0.6045, 0.7100, 0.4329, 0.4998, 0.5840, 0.4656,
        0.4836, 0.5601, 0.4917, 0.7363, 0.5620, 0.4468, 0.7866],
       device='cuda:0', dtype=torch.float16) 

all_GT tensor([0.8000, 0.8800, 0.5500, 0.7500, 0.9000, 0.8000, 0.9000, 0.7000, 0.9500,
        0.8500, 0.3000, 0.7000, 0.8000, 0.3000, 0.3000, 0.8900, 0.8500, 1.0000,
        0.7000, 0.8300, 0.4000, 0.8700, 0.8000, 0.6500, 0.6700, 0.9000, 0.6500,
        0.6000, 0.5000, 0.7000, 0.8200, 0.5500, 0.2000, 0.4800, 0.8500, 0.8500,
        0.9000, 0.8000, 0.6400, 0.8000, 0.6500, 0.8000, 0.7000, 0.5000, 0.6500,
        0.5000, 0.8000, 0.8000, 0.7000, 0.7800, 0.3800, 0.8000, 0.7900, 0.7900,
        0.8000, 0.9000, 0.7500, 0.4000, 0.3000, 0.6000, 0.9500, 0.8500, 0.9000,
        0.8000, 0.7300, 0.6000, 0.3000, 0.2000, 0.8000, 0.8500, 0.9000, 0.8000,
        0.4000, 0.6000, 0.6500, 0.8600, 0.4000, 0.7500, 0.6000],
       device='cuda:0')
/mnt/data/son/NAIP/reviewerly_CIKM/05-23-15-45-1748029542/checkpoint-90
MSE: 0.0779, MAE: 0.2205
NDCG@20: 0.8471




#### F5
Running on: 
Using Java version:
Parameter containing:
tensor([[ 0.0238, -0.0293, -0.0089,  ...,  0.0103, -0.0395,  0.0103]],
       device='cuda:0', dtype=torch.float16, requires_grad=True)
Parameter containing:
tensor([[ 0.0238, -0.0293, -0.0089,  ...,  0.0103, -0.0395,  0.0103]],
       device='cuda:0', dtype=torch.float16, requires_grad=True)
Test Dataloader has 5 samples in total
all_pred tensor([0.7534, 0.7070, 0.7314, 0.8198, 0.8477, 0.8408, 0.1984, 0.7339, 0.6680,
        0.5620, 0.7324, 0.4490, 0.8618, 0.6821, 0.8018, 0.6494, 0.8701, 0.7373,
        0.8174, 0.9927, 0.7715, 0.8013, 0.7583, 0.7861, 0.5933, 0.8315, 0.4229,
        0.8120, 0.6104, 0.8145, 0.9619, 0.8408, 0.7832, 0.3093, 0.8765, 0.9990,
        0.8335, 0.1204, 0.8765, 0.9043, 0.8804, 0.7822, 0.7666, 0.8730, 0.9390,
        0.7651, 0.7915, 0.7725, 0.6191, 0.8198, 0.8467, 0.8545, 0.6694, 0.7769,
        0.2585, 0.6860, 0.7632, 0.6187, 0.7280, 0.7998, 0.9683, 0.8247, 0.7085,
        0.0666, 0.9673, 0.6802, 0.6279, 0.6606, 0.7168, 0.8242, 0.7305, 0.9624,
        0.7563, 0.7056, 0.7886, 0.8643, 0.8281, 0.2386, 0.8960],
       device='cuda:0', dtype=torch.float16) 
       
all_GT tensor([0.9000, 0.4500, 0.5500, 0.5000, 0.7000, 0.9000, 0.9800, 0.5500, 0.1200,
        0.6000, 0.8000, 0.4000, 0.8000, 0.9500, 0.5500, 0.5000, 0.4000, 1.0000,
        0.6800, 0.8400, 0.5000, 0.8600, 0.8500, 0.7500, 0.7000, 0.5000, 0.8000,
        0.6400, 0.7500, 0.8000, 0.6500, 0.7000, 0.7500, 0.5000, 0.6500, 0.7700,
        0.4400, 0.9000, 0.9500, 0.2000, 0.7000, 0.3500, 0.6500, 0.8700, 0.9500,
        0.6500, 0.6000, 0.6000, 0.7000, 0.8000, 0.7000, 0.4500, 0.5500, 0.7800,
        0.8000, 0.9000, 0.7500, 0.9000, 0.8000, 0.6000, 1.0000, 0.6000, 0.5000,
        0.7000, 0.7800, 0.7000, 0.7000, 0.7500, 0.9000, 0.5000, 0.7500, 0.8800,
        0.4500, 0.6500, 0.6500, 0.4000, 0.9100, 0.9000, 0.9000],
       device='cuda:0')
/mnt/data/son/NAIP/reviewerly_CIKM/05-23-16-12-1748031175/checkpoint-90
MSE: 0.0766, MAE: 0.2063
NDCG@20: 0.8000
